3300218
4665118
672298
4666313
3531526
3756669
4952668
1440095
3270899
3443927
3525355
4753474
4676515
3635761
3420721
3782826
3884179
4767313
4349711
3780279
3489813
3390567
4876043
4612235
3397775
4783711
3183854
3611017
4783751
3725961
4751588
4451280
4124011
4091483
4695718
3339119
3183728
3980909
1475397
3834753
4783928
5023379
4790666
3835497
3782998
3726162
4472851
3041002
3871523
2147595
4722151
4803973
4378425
4088262
2983343
5071146
3560859
5024901
3007507
3411772
3949027
3164785
5094804
4693589
3747603
4657444
3720285
2403272
4642951
3720276
4852517
5043724
4391024
3007509
3428718
3411774
3910713
5023270
3809914
4371807
4463001
5115312
1065234
3185987
3348219
3362540
3427397
3518770
4009731
4306654
4339002
4339392
4362367
4664980
4691812
4763286
4943192
4989208
5034113
4065671